== M=0.300  (log t, Teff, logL, R/Rsun)
5.699902 3460. -0.204 2.203
5.952612 3436. -0.433 1.717
6.200103 3433. -0.639 1.356
6.450098 3409. -0.836 1.095
6.699183 3379. -1.023 0.899
6.952493 3363. -1.200 0.741
7.199201 3377. -1.358 0.612
7.449427 3414. -1.512 0.502
7.702461 3407. -1.688 0.411
7.951573 3407. -1.844 0.344
8.206070 3413. -1.955 0.302
8.471582 3415. -1.986 0.290
8.720454 3415. -1.988 0.290
8.956943 3415. -1.986 0.290
9.204866 3415. -1.982 0.292
9.453103 3416. -1.974 0.295
9.701141 3416. -1.961 0.299
9.950496 3416. -1.948 0.304
last: 10.000004 3416. -1.945 0.304
== M=0.600  (log t, Teff, logL, R/Rsun)
5.703740 3987. 0.160 2.524
5.951388 3962. -0.027 2.059
6.201195 3926. -0.213 1.694
6.452850 3875. -0.399 1.404
6.699901 3830. -0.575 1.173
6.952284 3790. -0.751 0.978
7.204421 3744. -0.924 0.821
7.453557 3735. -1.064 0.703
7.702048 3821. -1.131 0.621
7.952569 4085. -1.083 0.575
8.214006 3986. -1.170 0.546
8.474992 3972. -1.170 0.549
8.716296 3968. -1.169 0.552
8.954535 3968. -1.166 0.554
9.203506 3968. -1.162 0.556
9.452335 3973. -1.155 0.559
9.700709 3984. -1.145 0.562
9.950252 4006. -1.127 0.568
last: 9.999787 4013. -1.122 0.569
== M=1.000  (log t, Teff, logL, R/Rsun)
5.699731 4397. 0.503 3.079
5.952791 4381. 0.320 2.511
6.200908 4359. 0.144 2.071
6.453005 4333. -0.033 1.710
6.703958 4310. -0.198 1.429
6.953337 4342. -0.323 1.220
7.203180 4566. -0.339 1.083
7.449414 5386. -0.071 1.059
7.704278 5536. -0.169 0.895
7.975062 5536. -0.163 0.902
8.203180 5561. -0.152 0.906
8.491582 5572. -0.145 0.909
8.699217 5576. -0.139 0.913
8.960105 5589. -0.128 0.922
9.206656 5613. -0.108 0.935
9.449250 5655. -0.070 0.962
9.701713 5732. 0.011 1.028
last: 9.920501 5767. 0.166 1.214
